5,23,6
2,17,9
7,1,2
5,8,1
4,24,4
1,22,8
1,8,9
1,29,9
3,17,7
1,3,7
6,9,1
8,10,3
8,29,7
7,28,2
4,1,9
1,27,6
8,2,8
5,29,9
4,2,5
5,22,1
6,13,10
8,16,3
8,5,7
5,3,5
1,27,10
6,28,4
4,28,7
6,14,4
6,20,7
1,23,2
8,29,8
1,25,5
4,11,2
7,14,4
3,10,4
7,1,3
6,13,7
3,6,7
8,17,3
7,9,10
1,3,4
3,18,8
4,3,2
1,10,3
1,19,3
7,17,2
8,5,9
5,3,8
1,18,3
6,20,9
7,16,2
2,2,9
5,19,7
2,13,4
7,11,6
3,7,8
3,1,2
1,28,5
2,21,10
5,9,3
6,13,4
1,7,8
5,19,9
1,14,3
3,6,10
2,14,5
5,5,9
3,6,2
2,25,3
5,8,8
7,8,6
4,29,9
6,1,7
4,13,9
5,3,5
5,20,1
1,26,10
3,14,8
7,6,7
7,16,8
1,13,4
3,9,10
4,19,9
6,17,1
3,19,6
2,28,2
8,9,5
7,6,7
4,28,7
2,29,5
7,26,2
4,22,7
2,16,8
4,18,9
2,8,1
3,10,1
5,23,10
7,20,10
5,6,7
8,9,10
8,2,8