Insert the dimension of the subspace: k = 4
Insert the dimension of the vector space: n = 7
All possible vectors:
[0, 0, 0, 0, 0, 0, 1]
[0, 0, 0, 0, 0, 1, 0]
[0, 0, 0, 0, 0, 1, 1]
[0, 0, 0, 0, 1, 0, 0]
[0, 0, 0, 0, 1, 0, 1]
[0, 0, 0, 0, 1, 1, 0]
[0, 0, 0, 0, 1, 1, 1]
[0, 0, 0, 1, 0, 0, 0]
[0, 0, 0, 1, 0, 0, 1]
[0, 0, 0, 1, 0, 1, 0]
[0, 0, 0, 1, 0, 1, 1]
[0, 0, 0, 1, 1, 0, 0]
[0, 0, 0, 1, 1, 0, 1]
[0, 0, 0, 1, 1, 1, 0]
[0, 0, 0, 1, 1, 1, 1]
[0, 0, 1, 0, 0, 0, 0]
[0, 0, 1, 0, 0, 0, 1]
[0, 0, 1, 0, 0, 1, 0]
[0, 0, 1, 0, 0, 1, 1]
[0, 0, 1, 0, 1, 0, 0]
[0, 0, 1, 0, 1, 0, 1]
[0, 0, 1, 0, 1, 1, 0]
[0, 0, 1, 0, 1, 1, 1]
[0, 0, 1, 1, 0, 0, 0]
[0, 0, 1, 1, 0, 0, 1]
[0, 0, 1, 1, 0, 1, 0]
[0, 0, 1, 1, 0, 1, 1]
[0, 0, 1, 1, 1, 0, 0]
[0, 0, 1, 1, 1, 0, 1]
[0, 0, 1, 1, 1, 1, 0]
[0, 0, 1, 1, 1, 1, 1]
[0, 1, 0, 0, 0, 0, 0]
[0, 1, 0, 0, 0, 0, 1]
[0, 1, 0, 0, 0, 1, 0]
[0, 1, 0, 0, 0, 1, 1]
[0, 1, 0, 0, 1, 0, 0]
[0, 1, 0, 0, 1, 0, 1]
[0, 1, 0, 0, 1, 1, 0]
[0, 1, 0, 0, 1, 1, 1]
[0, 1, 0, 1, 0, 0, 0]
[0, 1, 0, 1, 0, 0, 1]
[0, 1, 0, 1, 0, 1, 0]
[0, 1, 0, 1, 0, 1, 1]
[0, 1, 0, 1, 1, 0, 0]
[0, 1, 0, 1, 1, 0, 1]
[0, 1, 0, 1, 1, 1, 0]
[0, 1, 0, 1, 1, 1, 1]
[0, 1, 1, 0, 0, 0, 0]
[0, 1, 1, 0, 0, 0, 1]
[0, 1, 1, 0, 0, 1, 0]
[0, 1, 1, 0, 0, 1, 1]
[0, 1, 1, 0, 1, 0, 0]
[0, 1, 1, 0, 1, 0, 1]
[0, 1, 1, 0, 1, 1, 0]
[0, 1, 1, 0, 1, 1, 1]
[0, 1, 1, 1, 0, 0, 0]
[0, 1, 1, 1, 0, 0, 1]
[0, 1, 1, 1, 0, 1, 0]
[0, 1, 1, 1, 0, 1, 1]
[0, 1, 1, 1, 1, 0, 0]
[0, 1, 1, 1, 1, 0, 1]
[0, 1, 1, 1, 1, 1, 0]
[0, 1, 1, 1, 1, 1, 1]
[1, 0, 0, 0, 0, 0, 0]
[1, 0, 0, 0, 0, 0, 1]
[1, 0, 0, 0, 0, 1, 0]
[1, 0, 0, 0, 0, 1, 1]
[1, 0, 0, 0, 1, 0, 0]
[1, 0, 0, 0, 1, 0, 1]
[1, 0, 0, 0, 1, 1, 0]
[1, 0, 0, 0, 1, 1, 1]
[1, 0, 0, 1, 0, 0, 0]
[1, 0, 0, 1, 0, 0, 1]
[1, 0, 0, 1, 0, 1, 0]
[1, 0, 0, 1, 0, 1, 1]
[1, 0, 0, 1, 1, 0, 0]
[1, 0, 0, 1, 1, 0, 1]
[1, 0, 0, 1, 1, 1, 0]
[1, 0, 0, 1, 1, 1, 1]
[1, 0, 1, 0, 0, 0, 0]
[1, 0, 1, 0, 0, 0, 1]
[1, 0, 1, 0, 0, 1, 0]
[1, 0, 1, 0, 0, 1, 1]
[1, 0, 1, 0, 1, 0, 0]
[1, 0, 1, 0, 1, 0, 1]
[1, 0, 1, 0, 1, 1, 0]
[1, 0, 1, 0, 1, 1, 1]
[1, 0, 1, 1, 0, 0, 0]
[1, 0, 1, 1, 0, 0, 1]
[1, 0, 1, 1, 0, 1, 0]
[1, 0, 1, 1, 0, 1, 1]
[1, 0, 1, 1, 1, 0, 0]
[1, 0, 1, 1, 1, 0, 1]
[1, 0, 1, 1, 1, 1, 0]
[1, 0, 1, 1, 1, 1, 1]
[1, 1, 0, 0, 0, 0, 0]
[1, 1, 0, 0, 0, 0, 1]
[1, 1, 0, 0, 0, 1, 0]
[1, 1, 0, 0, 0, 1, 1]
[1, 1, 0, 0, 1, 0, 0]
[1, 1, 0, 0, 1, 0, 1]
[1, 1, 0, 0, 1, 1, 0]
[1, 1, 0, 0, 1, 1, 1]
[1, 1, 0, 1, 0, 0, 0]
[1, 1, 0, 1, 0, 0, 1]
[1, 1, 0, 1, 0, 1, 0]
[1, 1, 0, 1, 0, 1, 1]
[1, 1, 0, 1, 1, 0, 0]
[1, 1, 0, 1, 1, 0, 1]
[1, 1, 0, 1, 1, 1, 0]
[1, 1, 0, 1, 1, 1, 1]
[1, 1, 1, 0, 0, 0, 0]
[1, 1, 1, 0, 0, 0, 1]
[1, 1, 1, 0, 0, 1, 0]
[1, 1, 1, 0, 0, 1, 1]
[1, 1, 1, 0, 1, 0, 0]
[1, 1, 1, 0, 1, 0, 1]
[1, 1, 1, 0, 1, 1, 0]
[1, 1, 1, 0, 1, 1, 1]
[1, 1, 1, 1, 0, 0, 0]
[1, 1, 1, 1, 0, 0, 1]
[1, 1, 1, 1, 0, 1, 0]
[1, 1, 1, 1, 0, 1, 1]
[1, 1, 1, 1, 1, 0, 0]
[1, 1, 1, 1, 1, 0, 1]
[1, 1, 1, 1, 1, 1, 0]
The number of subspaces with dimension 4 is:  15
The subspaces are:
( (0, 0, 0, 0, 0, 0, 1) , (0, 0, 1, 1, 1, 1, 0) , (0, 1, 0, 0, 0, 0, 0) , (1, 0, 1, 1, 1, 0, 0)  )
( (0, 0, 0, 0, 0, 1, 0) , (0, 0, 1, 1, 1, 0, 1) , (0, 1, 1, 1, 1, 0, 0) , (1, 0, 0, 0, 0, 0, 0)  )
( (0, 0, 0, 0, 0, 1, 1) , (0, 0, 1, 1, 1, 0, 0) , (0, 1, 0, 0, 0, 1, 0) , (1, 1, 0, 0, 0, 0, 0)  )
( (0, 0, 0, 0, 1, 0, 0) , (0, 0, 1, 1, 0, 1, 1) , (0, 1, 1, 1, 0, 1, 0) , (1, 1, 1, 1, 0, 0, 0)  )
( (0, 0, 0, 0, 1, 0, 1) , (0, 0, 1, 1, 0, 1, 0) , (0, 1, 0, 0, 1, 0, 0) , (1, 0, 1, 1, 0, 0, 0)  )
( (0, 0, 0, 0, 1, 1, 0) , (0, 0, 1, 1, 0, 0, 1) , (0, 1, 1, 1, 0, 0, 0) , (1, 0, 0, 0, 1, 0, 0)  )
( (0, 0, 0, 0, 1, 1, 1) , (0, 0, 1, 1, 0, 0, 0) , (0, 1, 0, 0, 1, 1, 0) , (1, 1, 0, 0, 1, 0, 0)  )
( (0, 0, 0, 1, 0, 0, 0) , (0, 0, 1, 0, 1, 1, 1) , (0, 1, 1, 0, 1, 1, 0) , (1, 1, 1, 0, 1, 0, 0)  )
( (0, 0, 0, 1, 0, 0, 1) , (0, 0, 1, 0, 1, 1, 0) , (0, 1, 0, 1, 0, 0, 0) , (1, 0, 1, 0, 1, 0, 0)  )
( (0, 0, 0, 1, 0, 1, 0) , (0, 0, 1, 0, 1, 0, 1) , (0, 1, 1, 0, 1, 0, 0) , (1, 0, 0, 1, 0, 0, 0)  )
( (0, 0, 0, 1, 0, 1, 1) , (0, 0, 1, 0, 1, 0, 0) , (0, 1, 0, 1, 0, 1, 0) , (1, 1, 0, 1, 0, 0, 0)  )
( (0, 0, 0, 1, 1, 0, 0) , (0, 0, 1, 0, 0, 1, 1) , (0, 1, 1, 0, 0, 1, 0) , (1, 1, 1, 0, 0, 0, 0)  )
( (0, 0, 0, 1, 1, 0, 1) , (0, 0, 1, 0, 0, 1, 0) , (0, 1, 0, 1, 1, 0, 0) , (1, 0, 1, 0, 0, 0, 0)  )
( (0, 0, 0, 1, 1, 1, 0) , (0, 0, 1, 0, 0, 0, 1) , (0, 1, 1, 0, 0, 0, 0) , (1, 0, 0, 1, 1, 0, 0)  )
( (0, 0, 0, 1, 1, 1, 1) , (0, 0, 1, 0, 0, 0, 0) , (0, 1, 0, 1, 1, 1, 0) , (1, 1, 0, 1, 1, 0, 0)  )
