7,6,1.0
7,21,10.0
6,15,9.0
4,17,7.0
3,15,3.0
8,6,8.0
8,2,1.0
1,12,7.0
8,11,3.0
1,17,2.0
2,26,4.0
8,18,3.0
5,25,3.0
2,22,6.0
2,26,9.0
4,2,1.0
5,28,10.0
4,12,8.0
2,15,3.0
1,9,3.0
5,5,9.0
6,11,9.0
1,16,10.0
5,26,10.0
3,21,7.0
5,4,4.0
2,11,9.0
1,24,10.0
1,17,3.0
6,13,8.0
7,4,3.0
6,25,6.0
5,27,6.0
5,27,2.0
1,10,6.0
3,7,5.0
1,1,7.0
6,12,6.0
1,2,4.0
4,2,5.0
1,5,10.0
1,14,2.0
2,10,2.0
6,3,3.0
4,2,4.0
6,24,6.0
4,26,8.0
1,15,1.0
2,26,8.0
1,9,1.0
1,2,2.0
8,19,9.0
8,26,10.0
4,29,5.0
7,5,4.0
4,21,7.0
1,23,5.0
1,18,8.0
1,15,6.0
1,6,10.0
6,23,7.0
3,15,6.0
6,26,4.0
4,10,7.0
7,9,2.0
4,6,3.0
6,28,2.0
3,8,8.0
2,5,7.0
8,3,8.0
8,7,4.0
3,23,7.0
8,27,2.0
3,14,6.0
7,13,3.0
8,26,9.0
1,20,7.0
4,10,8.0
3,2,8.0
8,10,2.0
1,3,10.0
7,27,1.0
4,4,7.0
5,14,4.0
4,2,4.0
4,11,4.0
3,6,10.0
3,1,7.0
7,20,7.0
2,14,8.0
7,15,6.0
2,10,9.0
4,22,10.0
7,27,1.0
1,28,9.0
7,20,8.0
8,21,7.0
5,28,9.0
5,6,5.0
8,3,9.0
