20
10
765 928 207 675 210 442 615 557 58 130
794 973 782 488 42 747 699 638 514 175
650 439 976 248 765 418 734 864 206 805
709 995 876 29 682 960 874 227 147 132
221 611 494 858 783 979 398 373 249 847
598 31 31 991 754 300 864 556 549 127
521 44 659 7 475 614 673 574 321 835
326 871 682 433 442 867 709 205 57 902
973 256 202 962 639 393 887 438 621 530
159 60 101 76 128 558 561 731 797 45
48 416 223 378 610 799 935 92 874 556
334 106 417 802 46 964 430 723 468 595
76 41 360 98 691 245 812 83 984 136
695 982 283 356 901 928 826 779 619 794
982 934 698 714 446 355 533 480 617 399
728 33 989 45 155 581 8 535 114 995
983 635 967 838 704 487 34 595 187 835
625 34 711 19 827 439 49 299 995 438
167 65 298 172 920 100 68 623 889 33
901 21 864 697 940 433 558 23 824 962