47490157
74076303
92737585
33012455
42669301
17508329
46008488
76080806
623449
31235761
34088888
2891582
86031206
17362352
26619234
11484243
9921322
47466389
47466389
47466389
47466389
8807972
40539365
93740888
79076206
57583655
40723506
4611334
79991230
20501615
5714327
90602240
31621771
77347898
91164788
77451342
20846027
89320999
52094035
76878105
15532000
93649403
59868621
47060671
86763342
98375679
12230814
87691170
55674834
66003024
19976136
58628670
75772663
34954592
27633666
58847336
44305176
52354026
38172370
68740980
38073240
51451322
80738605
38299362
40911931
72651469
13739708
9481177
82011653
56429202
8091062
35840849
51116890
14986777
87522919
64328387
49105618
65656936
76853357
36735438
36277326
8695316
70375667
48890751
95571822
14029273
12855330
82660936
10541305
25067039
9976333
43916849
70209213
65181695
20520522
51227118
20228161
32175277
93889900
81547362
7968326
641995
39062879
